{
  "advancedEditorSelectedIdentifier" : "ProjectBrowser",
  "openSceneRelativePaths" : [
    "Immersive.usda"
  ],
  "recentIdentifiers" : {
    "26DBAE76-5DD8-47B6-A085-1B4ADA111097" : [

    ],
    "E362E4EA-7D41-476B-B867-28D6B10BD0E5" : [

    ]
  },
  "sceneCameraHistory" : {
    "26DBAE76-5DD8-47B6-A085-1B4ADA111097" : [
      {
        "date" : 740091182.739927,
        "title" : "Untitled",
        "transform" : [
          0,
          0,
          0,
          0,
          0,
          0,
          0,
          0,
          0,
          0,
          0,
          0,
          0,
          0,
          0,
          0
        ]
      },
      {
        "date" : 740091180.419115,
        "title" : "Untitled",
        "transform" : [
          0,
          0,
          0,
          0,
          0,
          0,
          0,
          0,
          0,
          0,
          0,
          0,
          0,
          0,
          0,
          1
        ]
      },
      {
        "date" : 740091177.453261,
        "title" : "Untitled",
        "transform" : [
          0.99999994,
          0,
          0,
          0,
          0,
          0.8750833,
          -0.48397216,
          0,
          0,
          0.48397216,
          0.8750833,
          0,
          6.521458,
          42.501274,
          90.28351,
          1
        ]
      },
      {
        "date" : 740090256.305973,
        "title" : "Untitled",
        "transform" : [
          0.99999994,
          0,
          0,
          0,
          0,
          0.8750833,
          -0.48397216,
          0,
          0,
          0.48397216,
          0.8750833,
          0,
          0.36582118,
          2.3841085,
          5.064452,
          1
        ]
      },
      {
        "date" : 740090244.507911,
        "title" : "Untitled",
        "transform" : [
          0.99999994,
          0,
          0,
          0,
          0,
          0.8750833,
          -0.48397216,
          0,
          0,
          0.48397216,
          0.8750833,
          0,
          0.5974159,
          2.1153443,
          3.8089106,
          1
        ]
      },
      {
        "date" : 740090242.922798,
        "title" : "Untitled",
        "transform" : [
          0.99999994,
          0,
          0,
          0,
          0,
          0.8750833,
          -0.48397216,
          0,
          0,
          0.48397216,
          0.8750833,
          0,
          0,
          3.914048,
          7.0476747,
          1
        ]
      },
      {
        "date" : 740090221.105871,
        "title" : "Untitled",
        "transform" : [
          0.99999994,
          0,
          0,
          0,
          0,
          0.8750833,
          -0.48397216,
          0,
          0,
          0.48397216,
          0.8750833,
          0,
          0,
          0.3869911,
          0.67030203,
          1
        ]
      },
      {
        "date" : 740090219.087194,
        "title" : "Untitled",
        "transform" : [
          0.99999994,
          0,
          0,
          0,
          0,
          0.8750833,
          -0.48397216,
          0,
          0,
          0.48397216,
          0.8750833,
          0,
          0,
          0.5554872,
          0.9621519,
          1
        ]
      },
      {
        "date" : 740090214.186422,
        "title" : "Untitled",
        "transform" : [
          0.99999994,
          0,
          0,
          0,
          0,
          0.8750833,
          -0.48397216,
          0,
          0,
          0.48397216,
          0.8750833,
          0,
          0,
          3.0436804,
          5.2719173,
          1
        ]
      },
      {
        "date" : 740090019.489836,
        "title" : "Untitled",
        "transform" : [
          0.99999994,
          0,
          -0,
          0,
          -0,
          0.8750833,
          -0.48397216,
          0,
          0,
          0.48397216,
          0.8750833,
          0,
          0,
          5.689677,
          9.855011,
          1
        ]
      }
    ],
    "E362E4EA-7D41-476B-B867-28D6B10BD0E5" : [
      {
        "date" : 740157203.724548,
        "title" : "Untitled",
        "transform" : [
          0.99998695,
          -1.955512e-09,
          0.0051176907,
          0,
          0.0016670432,
          0.94545877,
          -0.3257376,
          0,
          -0.0048385304,
          0.3257418,
          0.9454464,
          0,
          -0.58066034,
          2.6889172,
          -0.24438095,
          1
        ]
      },
      {
        "date" : 740157171.275636,
        "title" : "Untitled",
        "transform" : [
          0.99998695,
          -1.955512e-09,
          0.0051176907,
          0,
          0.0016670432,
          0.94545877,
          -0.3257376,
          0,
          -0.0048385304,
          0.3257418,
          0.9454464,
          0,
          -1.1864576,
          1.5192299,
          -2.5650465,
          1
        ]
      },
      {
        "date" : 740157169.150268,
        "title" : "Untitled",
        "transform" : [
          0.99998695,
          -1.955512e-09,
          0.0051176907,
          0,
          0.0016670432,
          0.94545877,
          -0.3257376,
          0,
          -0.0048385304,
          0.3257418,
          0.9454464,
          0,
          -1.2942694,
          1.461323,
          -2.5456471,
          1
        ]
      },
      {
        "date" : 740157136.75221,
        "title" : "Untitled",
        "transform" : [
          0.99998695,
          -1.955512e-09,
          0.0051176907,
          0,
          0.0016670432,
          0.94545877,
          -0.3257376,
          0,
          -0.0048385304,
          0.3257418,
          0.9454464,
          0,
          -0.34358478,
          1.5204496,
          -2.5611534,
          1
        ]
      },
      {
        "date" : 740157101.01409,
        "title" : "Untitled",
        "transform" : [
          0.99998695,
          -1.955512e-09,
          0.0051176907,
          0,
          0.0016670432,
          0.94545877,
          -0.3257376,
          0,
          -0.0048385304,
          0.3257418,
          0.9454464,
          0,
          0.1291393,
          1.4587528,
          -2.5374773,
          1
        ]
      },
      {
        "date" : 740157026.005332,
        "title" : "Untitled",
        "transform" : [
          0.99998695,
          -1.955512e-09,
          0.0051176907,
          0,
          0.0016670432,
          0.94545877,
          -0.3257376,
          0,
          -0.0048385304,
          0.3257418,
          0.9454464,
          0,
          1.1605675,
          1.4110377,
          -2.515759,
          1
        ]
      },
      {
        "date" : 740154041.677849,
        "title" : "Untitled",
        "transform" : [
          0.99998695,
          -1.955512e-09,
          0.0051176907,
          0,
          0.0016670432,
          0.94545877,
          -0.3257376,
          0,
          -0.0048385304,
          0.3257418,
          0.9454464,
          0,
          0.19196928,
          2.1823864,
          0.84813106,
          1
        ]
      },
      {
        "date" : 740109733.476717,
        "title" : "Untitled",
        "transform" : [
          0.9999949,
          -1.9555118e-09,
          0.0031798412,
          0,
          0.0010358046,
          0.94545877,
          -0.32574022,
          0,
          -0.003006374,
          0.3257418,
          0.945454,
          0,
          -0.2026759,
          1.7901268,
          0.14770669,
          1
        ]
      },
      {
        "date" : 740109446.090383,
        "title" : "Untitled",
        "transform" : [
          0.9999949,
          -1.9555118e-09,
          0.0031798412,
          0,
          0.0010358046,
          0.94545877,
          -0.32574022,
          0,
          -0.003006374,
          0.3257418,
          0.945454,
          0,
          -0.20766419,
          1.7849612,
          0.22517848,
          1
        ]
      },
      {
        "date" : 740109419.626557,
        "title" : "Untitled",
        "transform" : [
          0.9999993,
          -1.9555118e-09,
          -0.001168908,
          0,
          -0.00038076512,
          0.94545877,
          -0.32574165,
          0,
          0.0011051896,
          0.3257418,
          0.9454582,
          0,
          -0.2777778,
          0.92896366,
          -0.65312624,
          1
        ]
      }
    ]
  }
}