{
  "advancedEditorSelectedIdentifier" : "ProjectBrowser",
  "openSceneRelativePaths" : [
    "Immersive.usda"
  ],
  "recentIdentifiers" : {
    "26DBAE76-5DD8-47B6-A085-1B4ADA111097" : [

    ],
    "E362E4EA-7D41-476B-B867-28D6B10BD0E5" : [

    ]
  },
  "sceneCameraHistory" : {
    "26DBAE76-5DD8-47B6-A085-1B4ADA111097" : [
      {
        "date" : 740091182.739927,
        "title" : "Untitled",
        "transform" : [
          0,
          0,
          0,
          0,
          0,
          0,
          0,
          0,
          0,
          0,
          0,
          0,
          0,
          0,
          0,
          0
        ]
      },
      {
        "date" : 740091180.419115,
        "title" : "Untitled",
        "transform" : [
          0,
          0,
          0,
          0,
          0,
          0,
          0,
          0,
          0,
          0,
          0,
          0,
          0,
          0,
          0,
          1
        ]
      },
      {
        "date" : 740091177.453261,
        "title" : "Untitled",
        "transform" : [
          0.99999994,
          0,
          0,
          0,
          0,
          0.8750833,
          -0.48397216,
          0,
          0,
          0.48397216,
          0.8750833,
          0,
          6.521458,
          42.501274,
          90.28351,
          1
        ]
      },
      {
        "date" : 740090256.305973,
        "title" : "Untitled",
        "transform" : [
          0.99999994,
          0,
          0,
          0,
          0,
          0.8750833,
          -0.48397216,
          0,
          0,
          0.48397216,
          0.8750833,
          0,
          0.36582118,
          2.3841085,
          5.064452,
          1
        ]
      },
      {
        "date" : 740090244.507911,
        "title" : "Untitled",
        "transform" : [
          0.99999994,
          0,
          0,
          0,
          0,
          0.8750833,
          -0.48397216,
          0,
          0,
          0.48397216,
          0.8750833,
          0,
          0.5974159,
          2.1153443,
          3.8089106,
          1
        ]
      },
      {
        "date" : 740090242.922798,
        "title" : "Untitled",
        "transform" : [
          0.99999994,
          0,
          0,
          0,
          0,
          0.8750833,
          -0.48397216,
          0,
          0,
          0.48397216,
          0.8750833,
          0,
          0,
          3.914048,
          7.0476747,
          1
        ]
      },
      {
        "date" : 740090221.105871,
        "title" : "Untitled",
        "transform" : [
          0.99999994,
          0,
          0,
          0,
          0,
          0.8750833,
          -0.48397216,
          0,
          0,
          0.48397216,
          0.8750833,
          0,
          0,
          0.3869911,
          0.67030203,
          1
        ]
      },
      {
        "date" : 740090219.087194,
        "title" : "Untitled",
        "transform" : [
          0.99999994,
          0,
          0,
          0,
          0,
          0.8750833,
          -0.48397216,
          0,
          0,
          0.48397216,
          0.8750833,
          0,
          0,
          0.5554872,
          0.9621519,
          1
        ]
      },
      {
        "date" : 740090214.186422,
        "title" : "Untitled",
        "transform" : [
          0.99999994,
          0,
          0,
          0,
          0,
          0.8750833,
          -0.48397216,
          0,
          0,
          0.48397216,
          0.8750833,
          0,
          0,
          3.0436804,
          5.2719173,
          1
        ]
      },
      {
        "date" : 740090019.489836,
        "title" : "Untitled",
        "transform" : [
          0.99999994,
          0,
          -0,
          0,
          -0,
          0.8750833,
          -0.48397216,
          0,
          0,
          0.48397216,
          0.8750833,
          0,
          0,
          5.689677,
          9.855011,
          1
        ]
      }
    ],
    "E362E4EA-7D41-476B-B867-28D6B10BD0E5" : [
      {
        "date" : 740346370.966651,
        "title" : "Untitled",
        "transform" : [
          0.8998042,
          -2.7518993e-08,
          0.43629405,
          0,
          0.43259794,
          0.12989022,
          -0.8921814,
          0,
          -0.05667031,
          0.9915284,
          0.11687576,
          0,
          -1.2272469,
          5.3271317,
          -2.0669851,
          1
        ]
      },
      {
        "date" : 740344521.49782,
        "title" : "Untitled",
        "transform" : [
          0.8998042,
          -2.7518993e-08,
          0.43629405,
          0,
          0.43259794,
          0.12989022,
          -0.8921814,
          0,
          -0.05667031,
          0.9915284,
          0.11687576,
          0,
          -1.128738,
          5.327131,
          -2.0192137,
          1
        ]
      },
      {
        "date" : 740344507.082312,
        "title" : "Untitled",
        "transform" : [
          0.8998042,
          -2.7518993e-08,
          0.43629405,
          0,
          0.43259794,
          0.12989022,
          -0.8921814,
          0,
          -0.05667031,
          0.9915284,
          0.11687576,
          0,
          -0.9765254,
          5.2592325,
          -1.3693866,
          1
        ]
      },
      {
        "date" : 740344484.148752,
        "title" : "Untitled",
        "transform" : [
          0.8998042,
          -2.7518993e-08,
          0.43629405,
          0,
          0.43259794,
          0.12989022,
          -0.8921814,
          0,
          -0.05667031,
          0.9915284,
          0.11687576,
          0,
          -0.66109693,
          5.442677,
          -2.7727141,
          1
        ]
      },
      {
        "date" : 740159116.833466,
        "title" : "Untitled",
        "transform" : [
          0.8998041,
          1.2499667e-08,
          0.43629405,
          0,
          0.43259797,
          0.12989019,
          -0.8921814,
          0,
          -0.056670364,
          0.99152845,
          0.1168757,
          0,
          0.37666333,
          5.197651,
          -2.3713074,
          1
        ]
      },
      {
        "date" : 740159114.840674,
        "title" : "Untitled",
        "transform" : [
          0.8998041,
          1.2499667e-08,
          0.43629405,
          0,
          0.43259797,
          0.12989019,
          -0.8921814,
          0,
          -0.056670364,
          0.99152845,
          0.1168757,
          0,
          -0.3799914,
          4.9492254,
          -0.63064384,
          1
        ]
      },
      {
        "date" : 740158022.126903,
        "title" : "Untitled",
        "transform" : [
          0.8998041,
          1.2499667e-08,
          0.43629405,
          0,
          0.43259797,
          0.12989019,
          -0.8921814,
          0,
          -0.056670364,
          0.99152845,
          0.1168757,
          0,
          -0.34175718,
          5.0456476,
          -1.4301181,
          1
        ]
      },
      {
        "date" : 740157952.558296,
        "title" : "Untitled",
        "transform" : [
          0.8998041,
          1.2499667e-08,
          0.43629405,
          0,
          0.43259797,
          0.12989019,
          -0.8921814,
          0,
          -0.056670364,
          0.99152845,
          0.1168757,
          0,
          -0.54198086,
          4.9855294,
          -1.017179,
          1
        ]
      },
      {
        "date" : 740157948.094491,
        "title" : "Untitled",
        "transform" : [
          0.8998041,
          1.2499667e-08,
          0.43629405,
          0,
          0.43259797,
          0.12989019,
          -0.8921814,
          0,
          -0.056670364,
          0.99152845,
          0.1168757,
          0,
          -0.40823114,
          5.0728784,
          -1.6933646,
          1
        ]
      },
      {
        "date" : 740157945.144587,
        "title" : "Untitled",
        "transform" : [
          0.8998041,
          1.2499667e-08,
          0.43629405,
          0,
          0.43259797,
          0.12989019,
          -0.8921814,
          0,
          -0.056670364,
          0.99152845,
          0.1168757,
          0,
          1.2273515,
          5.389373,
          -3.5853233,
          1
        ]
      }
    ]
  }
}