{
  "advancedEditorSelectedIdentifier" : "ProjectBrowser",
  "openSceneRelativePaths" : [
    "Immersive.usda"
  ],
  "recentIdentifiers" : {
    "26DBAE76-5DD8-47B6-A085-1B4ADA111097" : [

    ],
    "E362E4EA-7D41-476B-B867-28D6B10BD0E5" : [

    ]
  },
  "sceneCameraHistory" : {
    "26DBAE76-5DD8-47B6-A085-1B4ADA111097" : [
      {
        "date" : 740091182.739927,
        "title" : "Untitled",
        "transform" : [
          0,
          0,
          0,
          0,
          0,
          0,
          0,
          0,
          0,
          0,
          0,
          0,
          0,
          0,
          0,
          0
        ]
      },
      {
        "date" : 740091180.419115,
        "title" : "Untitled",
        "transform" : [
          0,
          0,
          0,
          0,
          0,
          0,
          0,
          0,
          0,
          0,
          0,
          0,
          0,
          0,
          0,
          1
        ]
      },
      {
        "date" : 740091177.453261,
        "title" : "Untitled",
        "transform" : [
          0.99999994,
          0,
          0,
          0,
          0,
          0.8750833,
          -0.48397216,
          0,
          0,
          0.48397216,
          0.8750833,
          0,
          6.521458,
          42.501274,
          90.28351,
          1
        ]
      },
      {
        "date" : 740090256.305973,
        "title" : "Untitled",
        "transform" : [
          0.99999994,
          0,
          0,
          0,
          0,
          0.8750833,
          -0.48397216,
          0,
          0,
          0.48397216,
          0.8750833,
          0,
          0.36582118,
          2.3841085,
          5.064452,
          1
        ]
      },
      {
        "date" : 740090244.507911,
        "title" : "Untitled",
        "transform" : [
          0.99999994,
          0,
          0,
          0,
          0,
          0.8750833,
          -0.48397216,
          0,
          0,
          0.48397216,
          0.8750833,
          0,
          0.5974159,
          2.1153443,
          3.8089106,
          1
        ]
      },
      {
        "date" : 740090242.922798,
        "title" : "Untitled",
        "transform" : [
          0.99999994,
          0,
          0,
          0,
          0,
          0.8750833,
          -0.48397216,
          0,
          0,
          0.48397216,
          0.8750833,
          0,
          0,
          3.914048,
          7.0476747,
          1
        ]
      },
      {
        "date" : 740090221.105871,
        "title" : "Untitled",
        "transform" : [
          0.99999994,
          0,
          0,
          0,
          0,
          0.8750833,
          -0.48397216,
          0,
          0,
          0.48397216,
          0.8750833,
          0,
          0,
          0.3869911,
          0.67030203,
          1
        ]
      },
      {
        "date" : 740090219.087194,
        "title" : "Untitled",
        "transform" : [
          0.99999994,
          0,
          0,
          0,
          0,
          0.8750833,
          -0.48397216,
          0,
          0,
          0.48397216,
          0.8750833,
          0,
          0,
          0.5554872,
          0.9621519,
          1
        ]
      },
      {
        "date" : 740090214.186422,
        "title" : "Untitled",
        "transform" : [
          0.99999994,
          0,
          0,
          0,
          0,
          0.8750833,
          -0.48397216,
          0,
          0,
          0.48397216,
          0.8750833,
          0,
          0,
          3.0436804,
          5.2719173,
          1
        ]
      },
      {
        "date" : 740090019.489836,
        "title" : "Untitled",
        "transform" : [
          0.99999994,
          0,
          -0,
          0,
          -0,
          0.8750833,
          -0.48397216,
          0,
          0,
          0.48397216,
          0.8750833,
          0,
          0,
          5.689677,
          9.855011,
          1
        ]
      }
    ],
    "E362E4EA-7D41-476B-B867-28D6B10BD0E5" : [
      {
        "date" : 740157948.094491,
        "title" : "Untitled",
        "transform" : [
          0.8998041,
          1.2499667e-08,
          0.43629405,
          0,
          0.43259797,
          0.12989019,
          -0.8921814,
          0,
          -0.056670364,
          0.99152845,
          0.1168757,
          0,
          -0.40823114,
          5.0728784,
          -1.6933646,
          1
        ]
      },
      {
        "date" : 740157945.144587,
        "title" : "Untitled",
        "transform" : [
          0.8998041,
          1.2499667e-08,
          0.43629405,
          0,
          0.43259797,
          0.12989019,
          -0.8921814,
          0,
          -0.056670364,
          0.99152845,
          0.1168757,
          0,
          1.2273515,
          5.389373,
          -3.5853233,
          1
        ]
      },
      {
        "date" : 740157929.720044,
        "title" : "Untitled",
        "transform" : [
          0.8998041,
          1.2499667e-08,
          0.43629405,
          0,
          0.43259797,
          0.12989019,
          -0.8921814,
          0,
          -0.056670364,
          0.99152845,
          0.1168757,
          0,
          1.3317271,
          2.0828881,
          -2.9647326,
          1
        ]
      },
      {
        "date" : 740157917.102711,
        "title" : "Untitled",
        "transform" : [
          0.8998041,
          1.2499667e-08,
          0.43629405,
          0,
          0.43259797,
          0.12989019,
          -0.8921814,
          0,
          -0.056670364,
          0.99152845,
          0.1168757,
          0,
          1.3266965,
          2.0919435,
          -3.0439954,
          1
        ]
      },
      {
        "date" : 740157914.704342,
        "title" : "Untitled",
        "transform" : [
          0.8998041,
          1.2499667e-08,
          0.43629405,
          0,
          0.43259797,
          0.12989019,
          -0.8921814,
          0,
          -0.056670364,
          0.99152845,
          0.1168757,
          0,
          1.3344576,
          2.0855196,
          -2.9857333,
          1
        ]
      },
      {
        "date" : 740157893.158908,
        "title" : "Untitled",
        "transform" : [
          0.89980423,
          1.2499669e-08,
          0.4362941,
          0,
          0.43259797,
          0.12989019,
          -0.8921814,
          0,
          -0.056670364,
          0.99152845,
          0.1168757,
          0,
          0.09280688,
          2.0017953,
          -2.8774996,
          1
        ]
      },
      {
        "date" : 740157881.643868,
        "title" : "Untitled",
        "transform" : [
          0.9999869,
          -2.6622755e-09,
          0.005117673,
          0,
          0.0016670425,
          0.94545877,
          -0.3257375,
          0,
          -0.004838548,
          0.3257418,
          0.9454464,
          0,
          0.5363896,
          2.023896,
          -0.6160619,
          1
        ]
      },
      {
        "date" : 740157860.543358,
        "title" : "Untitled",
        "transform" : [
          0.9999869,
          -2.6622755e-09,
          0.005117673,
          0,
          0.0016670425,
          0.94545877,
          -0.3257375,
          0,
          -0.004838548,
          0.3257418,
          0.9454464,
          0,
          1.311352,
          1.4213823,
          -1.7905877,
          1
        ]
      },
      {
        "date" : 740157203.724548,
        "title" : "Untitled",
        "transform" : [
          0.99998695,
          -1.955512e-09,
          0.0051176907,
          0,
          0.0016670432,
          0.94545877,
          -0.3257376,
          0,
          -0.0048385304,
          0.3257418,
          0.9454464,
          0,
          -0.58066034,
          2.6889172,
          -0.24438095,
          1
        ]
      },
      {
        "date" : 740157171.275636,
        "title" : "Untitled",
        "transform" : [
          0.99998695,
          -1.955512e-09,
          0.0051176907,
          0,
          0.0016670432,
          0.94545877,
          -0.3257376,
          0,
          -0.0048385304,
          0.3257418,
          0.9454464,
          0,
          -1.1864576,
          1.5192299,
          -2.5650465,
          1
        ]
      }
    ]
  }
}